1.145273
1.159302
1.242104
1.135070
1.145229
1.226223
1.129122
1.141330
1.137472
1.142029
1.248216
1.169991
1.164466
1.149457
1.138254
1.127880
1.227609
1.221314
1.182224
1.161598
1.128599
1.131871
1.156216
1.184345
1.173255
1.213012
1.196727
1.169294
1.218910
1.241808
1.184696
1.182365
1.256444
1.135335
1.210171
1.139291
1.164937
1.180022
1.170654
1.190886
1.169756
1.189922
1.169751
1.154000
1.156070
1.162792
1.157750
1.116275
1.152575
1.133810
1.151885
1.170550
1.166121
1.198944
1.171554
1.257701
1.165369
1.150189
1.154528
1.176958
1.136739
1.130905
1.135169
1.145412
1.151100
1.161664
1.135937
1.149933
1.140427
1.211906
1.165124
1.132273
1.148835
1.143172
1.147666
1.139334
1.149069
1.447569
1.702065
1.734251
1.400026
1.209220
1.273164
1.199989
1.207147
1.161036
1.190456
1.216977
1.143463
1.229837
1.233724
1.378962
1.253592
1.486130
1.203974
1.229781
1.188108
1.174141
1.180861
1.236781
