1.309215
1.404934
1.297330
1.509333
1.533047
1.258096
1.233964
1.202626
1.235863
1.377398
1.202992
1.199542
1.273180
1.298214
1.194042
1.212672
1.329842
1.225667
1.250296
1.294122
1.232003
1.214584
1.154253
1.214666
1.156746
1.218942
1.207938
1.189739
1.167555
1.410443
1.319182
1.166844
1.143006
1.173313
1.272712
1.190633
1.152446
1.166100
1.146177
1.165843
1.161403
1.278906
1.155501
1.144535
1.169913
1.147244
1.135063
1.133354
1.168131
1.140936
1.136281
1.186206
1.138366
1.164715
1.196356
1.149830
1.161137
1.154890
1.146989
1.168364
1.202514
1.190346
1.138390
1.176001
1.271480
1.140606
1.222505
1.130970
1.165713
1.168001
1.183675
1.150452
1.159320
1.177929
1.254437
1.445130
1.509484
1.315230
1.688599
1.445270
1.267512
1.336704
1.217935
1.231776
1.261144
1.195427
1.203943
1.164226
1.299015
1.225849
1.308360
1.285096
1.318886
1.404328
1.264524
1.231050
1.315690
1.145710
1.189992
1.342922
