1.198740
1.156473
1.150932
1.215125
1.274902
1.210255
1.148807
1.175788
1.182432
1.168050
1.197216
1.216408
1.195956
1.181080
1.184869
1.177371
1.162215
1.137132
1.199209
1.153527
1.246261
1.283578
1.158890
1.152015
1.228662
1.152938
1.144710
1.121777
1.199120
1.136362
1.176132
1.113510
1.221617
1.168154
1.168051
1.215942
1.298803
1.146781
1.116093
1.204690
1.242566
1.610722
1.489796
1.278429
1.391724
1.279529
1.303330
1.219425
1.214831
1.236442
1.299869
1.225477
1.237611
1.270172
1.446876
1.242746
1.255508
1.251205
1.211232
1.209909
1.207111
1.163275
1.210272
1.223474
1.209092
1.169041
1.160062
1.284858
1.220885
1.336519
1.164566
1.333209
1.299874
1.173098
1.247277
1.170327
1.134116
1.162574
1.212667
1.283020
1.212193
1.254200
1.161229
1.245676
1.154099
1.323576
1.281809
1.195194
1.293201
1.218884
1.233915
1.398850
1.242218
1.372801
1.309768
1.462066
1.224965
1.337816
1.239574
1.268132
