1.385804
1.352905
1.325602
1.393553
1.340533
1.375964
1.359896
1.380145
1.331564
1.384706
1.431928
1.461591
1.399697
1.385003
1.329012
1.411437
1.351303
1.370055
1.415957
1.346970
1.336373
1.352804
1.301401
1.309165
1.351492
1.307790
1.327538
1.636692
1.490847
1.951888
1.555365
1.566369
1.767391
1.525880
1.417705
1.425739
1.465532
1.448492
1.430899
1.408481
1.474375
1.431858
1.439423
1.457934
1.532090
1.507803
1.510502
1.463153
1.347760
1.336567
1.357475
1.343622
1.352779
1.394576
1.551596
1.380973
1.329902
1.431045
1.391941
1.433476
1.525081
1.390510
1.383645
1.666874
1.432198
1.680954
1.309748
1.356565
1.359526
1.377637
1.346393
1.361491
1.347077
1.296707
1.318140
1.451433
1.291827
1.415790
1.323174
1.820240
1.361799
1.361869
1.370199
1.352995
1.363189
1.381093
1.318832
1.343171
1.374307
1.325894
1.321257
1.360571
1.339144
1.330654
1.447934
1.468945
1.358693
1.316455
1.319809
1.308412
