3.274272
3.355655
3.310962
3.269141
3.263211
3.256860
3.370311
3.371154
3.296900
3.352184
3.275593
3.365951
3.299415
3.396986
3.423102
3.506576
3.635676
3.602801
3.836154
3.756005
3.790653
3.264418
3.359043
3.293175
3.328626
3.315192
3.279220
3.296285
3.271717
3.306253
3.273338
3.320519
3.267296
3.288684
3.312801
3.288472
3.267585
3.310167
3.306492
3.396562
3.432280
3.515247
3.669091
3.803836
3.760349
3.801241
3.757608
3.951897
3.706547
3.485443
3.275034
3.257582
3.277317
3.321675
3.346866
3.270337
3.263618
3.567546
3.508075
3.355296
3.575505
3.434284
3.269829
3.299268
3.278703
3.263673
3.444467
3.428630
3.481184
3.296312
3.263798
3.578618
3.322491
3.341664
3.689424
3.273159
3.287428
3.311086
3.311722
3.344548
3.269418
3.302823
3.299702
3.319598
3.297055
3.263247
3.283164
3.307677
3.303444
3.259110
3.323826
3.304903
3.281305
3.270067
3.275556
3.317946
3.316008
3.422299
3.371451
3.272216
