6.326689
6.287604
6.411999
6.462625
6.323053
6.325858
6.401999
6.344323
6.305947
6.370095
6.309929
6.314231
6.332372
6.303419
6.304276
6.318546
6.341549
6.338687
6.320399
6.310120
6.361088
6.423278
6.308435
6.347916
6.296085
6.304780
6.398266
6.301039
6.314569
6.487683
6.361074
6.307957
6.297708
6.284751
6.266326
6.303538
6.329403
6.281552
6.348272
6.378358
6.555466
6.316160
6.447666
6.426459
6.320310
6.310889
6.306928
6.294321
6.306257
6.350572
6.312189
6.272286
6.286871
6.320123
6.337963
6.370827
6.283377
6.351520
6.306495
6.315596
6.311715
6.260990
6.350718
6.378026
6.344642
6.316601
6.329144
6.308784
6.304711
6.379386
6.313277
6.331144
6.329745
6.297527
6.337010
6.335557
6.313394
6.305577
6.293156
6.302960
6.305376
6.293830
6.350340
6.280982
6.308743
6.347029
6.270065
6.272055
6.368449
6.304784
6.372408
6.429886
6.414711
6.382043
6.340150
6.371686
6.373975
6.325364
6.288092
6.320064
