1.714542
1.783009
1.774931
1.769891
1.815936
1.782956
1.780258
1.812390
1.839719
1.774650
1.765330
1.759973
1.802316
1.790761
1.713275
1.799558
1.711615
1.792179
1.798484
1.779651
1.788030
1.769256
1.820875
1.765648
1.699873
1.759996
1.738246
1.801151
1.751923
1.782809
1.778511
1.761100
1.802794
1.775750
1.761798
1.764728
1.903331
1.757063
1.857994
1.727407
1.779983
1.787091
1.789630
1.863040
1.725621
2.084539
2.231984
2.227106
2.055521
1.783669
1.723699
1.758622
1.767971
1.815975
1.742031
1.809509
1.774031
1.782860
1.903722
1.714558
1.729468
1.762619
1.781377
1.724663
1.784605
1.778666
1.757181
1.742218
1.875279
1.758152
1.707363
1.704996
1.728858
1.704311
1.727117
1.786890
1.725430
1.738375
1.774121
1.764834
1.749523
1.740948
1.728272
1.779746
1.723857
1.711936
1.834213
1.720319
1.719187
1.708797
1.762469
1.703964
1.693491
1.727102
1.720299
1.813437
1.798205
1.856207
1.739025
1.705029
